Third Floor
153,491,176,503 0300
183,491,206,503 0302
261,491,284,503 0310
292,491,315,503 0314
324,491,347,503 0318
356,491,379,503 0322
388,491,411,503 0326
419,491,442,503 0330
449,491,472,503 0334
480,491,503,503 0338
514,491,537,503 0342
546,491,569,503 0346
325,417,348,430 0320
388,417,411,430 0328
451,417,474,430 0336
483,417,506,430 0340
511,417,534,430 0344
193,290,216,303 0306
497,290,520,303 0356
661,331,684,344 0354
661,291,684,304 0351
661,250,684,263 0349
293,165,316,178 0315
325,165,348,178 0319
357,165,380,178 0323
388,165,411,178 0327
420,165,443,178 0331
452,165,475,178 0109
153,91,176,104 0301
262,91,285,104 0309
292,91,315,104 0313
357,91,380,104 0321
389,91,412,104 0325
420,91,443,104 0329
449,91,472,104 0333
482,91,505,104 0337
546,91,569,104 0345
