Fourth Floor
225,538,246,549 0454
248,538,269,549 0452
273,538,294,549 0448
297,538,318,549 0446
322,538,343,549 0444
376,539,397,550 0434
439,542,460,554 0428
480,540,501,551 0426
538,540,559,551 0422
576,542,604,554 0422A
195,501,222,512 0450X
195,481,223,492 0450U
196,458,222,469 0450T
195,439,223,451 0450Q
232,503,287,514 0450Y
232,503,287,514 0450B
256,488,284,500 0450D
256,473,283,484 0450E
260,457,288,469 0450G
257,442,283,453 0450J
226,488,256,500 0450W
228,473,256,484 0450V
232,457,259,469 0450S
229,442,257,453 0450R
290,503,318,514 0450A
288,481,315,492 0450C
291,457,317,469 0450F
290,440,318,451 0450H
464,491,485,502 0424
576,491,603,502 0424A
552,481,579,492 0424B
615,486,636,497 0418
195,416,223,427 0450P
223,412,251,423 0450N
251,416,280,427 0450M
290,419,318,430 0450K
280,409,307,420 0450L
383,118,411,129 0215A
336,113,364,124 0415E
356,103,377,114 0439
345,64,367,75 0437
376,63,397,74 0435
454,121,475,132 0425
612,428,640,439 0418B
659,419,680,430 0406
612,385,639,396 0418A
615,351,637,362 0416
660,341,681,352 0404
656,313,684,324 0403A
659,275,680,286 0405
659,222,680,233 0407
660,186,681,197 0409
659,149,680,160 0411
659,79,680,90 0413
615,176,637,187 0419
547,118,574,129 0425B
575,111,603,122 0425A
537,65,558,76 0423
608,58,636,69 0215B
