Second Floor
97,464,116,474 0234
201,444,226,454 0242E
237,454,262,464 0242F
244,444,270,454 0242G
271,444,296,454 0242H
194,420,220,430 0242D
317,454,343,464 0242K
357,454,384,464 0242M
298,444,322,454 0242J
338,444,363,454 0242L
376,444,401,454 0242N
463,501,482,511 0208
402,444,427,454 0242P
407,420,433,430 0242Q
512,427,536,437 0202L
448,384,468,394 0205
216,260,241,270 0242B
358,331,383,342 0242C
335,99,361,109 0242A
204,69,223,80 0243
662,313,681,324 0259
662,292,681,302 0257
662,272,681,283 0255
662,254,681,264 0253
662,234,681,245 0251
662,215,681,225 0250
573,151,599,161 0245A
