First Floor
98,357,114,364 G-001
219,362,234,369 X2-05
232,338,248,345 P-006
35,285,51,292 S3-07
99,291,137,298 S1-10S1-06
109,269,125,276 S1-01
227,269,243,276 S2-01
65,251,81,258 S3-09
73,236,89,243 S3-11
115,244,134,250 S1-01C
150,244,170,250 S1-01A
182,244,201,250 S2-01A
217,244,237,250 S2-01C
349,282,361,289 0100
347,243,364,250 0100A
88,163,105,170 W3-30
87,103,104,110 W3-52
106,98,128,105 W3-52B
251,182,268,189 W4-30
249,150,270,157 W4-30A
250,110,267,117 W4-52
248,95,269,102 W4-52B
473,370,488,377 E-174
543,332,562,339 E-163B
506,319,525,326 E-163D
539,318,559,325 E-163C
449,298,465,305 E-181
521,294,541,301 E-161B
543,294,562,301 E-163E
657,269,672,276 E-118
716,236,731,243 E-128
597,216,612,222 E-100
505,189,520,196 E-151
