Fourth Floor
81,390,106,404 0401
59,370,84,383 0403
59,335,84,349 0405
59,313,84,326 0407
59,293,84,306 0409
59,265,84,278 0411
57,229,82,243 0413
81,215,106,229 0415
129,303,154,317 0400
176,390,201,404 0402
198,370,223,383 0404
198,313,223,326 0408
198,292,223,306 0410
197,239,222,252 0412
176,215,201,229 0414
286,400,311,414 0429
402,409,427,423 0433
448,405,473,419 0435
590,396,615,409 0451
690,396,715,410 0452
571,367,596,380 0455
384,318,409,332 0440
634,303,659,316 0450
245,268,270,282 0434
523,269,548,283 0442
570,248,595,262 0461
567,223,592,236 0463
590,209,615,223 0465
690,209,715,223 0470
715,383,740,396 0454
715,356,740,370 0456
715,335,740,349 0458
715,313,740,326 0460
715,293,740,306 0462
715,270,740,283 0464
715,249,740,263 0466
715,223,740,236 0468
